DATA FOR FRAME 0
Hips tmat4x4( 1.0, 0.0, 0.0, 0.0,
         0.0, 1.0, 0.0, 0.0,
         0.0, 0.0, 1.0, 0.0,
         0.0, 0.0, 0.0, 1.0 ) tmat4x4( 1.0, 0.0, 0.0, 0.0,
         0.0, 1.0, 0.0, 0.0,
         0.0, 0.0, 1.0, 0.0,
         0.0, 0.0, 0.0, 1.0 ) tmat4x4( 1.0, 0.0, 0.0, 0.0,
         0.0, 1.0, 0.0, 0.0,
         0.0, 0.0, 1.0, 0.0,
         0.0, 0.0, 0.0, 1.0 ) tmat4x4( 1.0, 0.0, 0.0, 0.0,
         0.0, 1.0, 0.0, 0.0,
         0.0, 0.0, 1.0, 0.0,
         0.0, 0.0, 0.0, 1.0 )
LHipJoint tmat4x4( 1.0, 0.0, 0.0, 0.0,
         0.0, 1.0, 0.0, 0.0,
         0.0, 0.0, 1.0, 0.0,
         0.0, 0.0, 0.0, 1.0 ) tmat4x4( 1.0, 0.0, 0.0, 0.0,
         0.0, 1.0, 0.0, 0.0,
         0.0, 0.0, 1.0, 0.0,
         0.0, 0.0, 0.0, 1.0 ) tmat4x4( 1.0, 0.0, 0.0, 0.0,
         0.0, 1.0, 0.0, 0.0,
         0.0, 0.0, 1.0, 0.0,
         0.0, 0.0, 0.0, 1.0 ) tmat4x4( 1.0, 0.0, 0.0, 0.0,
         0.0, 1.0, 0.0, 0.0,
         0.0, 0.0, 1.0, 0.0,
         0.0, 0.0, 0.0, 1.0 )
RHipJoint tmat4x4( 1.0, 0.0, 0.0, 0.0,
         0.0, 1.0, 0.0, 0.0,
         0.0, 0.0, 1.0, 0.0,
         0.0, 0.0, 0.0, 1.0 ) tmat4x4( 1.0, 0.0, 0.0, 0.0,
         0.0, 1.0, 0.0, 0.0,
         0.0, 0.0, 1.0, 0.0,
         0.0, 0.0, 0.0, 1.0 ) tmat4x4( 1.0, 0.0, 0.0, 0.0,
         0.0, 1.0, 0.0, 0.0,
         0.0, 0.0, 1.0, 0.0,
         0.0, 0.0, 0.0, 1.0 ) tmat4x4( 1.0, 0.0, 0.0, 0.0,
         0.0, 1.0, 0.0, 0.0,
         0.0, 0.0, 1.0, 0.0,
         0.0, 0.0, 0.0, 1.0 )
LowerBack tmat4x4( 1.0, 0.0, 0.0, 0.0,
         0.0, 1.0, 0.0, 0.0,
         0.0, 0.0, 1.0, 0.0,
         0.0, 0.0, 0.0, 1.0 ) tmat4x4( 1.0, 0.0, 0.0, 0.0,
         0.0, 1.0, 0.0, 0.0,
         0.0, 0.0, 1.0, 0.0,
         0.0, 0.0, 0.0, 1.0 ) tmat4x4( 1.0, 0.0, 0.0, 0.0,
         0.0, 1.0, 0.0, 0.0,
         0.0, 0.0, 1.0, 0.0,
         0.0, 0.0, 0.0, 1.0 ) tmat4x4( 1.0, 0.0, 0.0, 0.0,
         0.0, 1.0, 0.0, 0.0,
         0.0, 0.0, 1.0, 0.0,
         0.0, 0.0, 0.0, 1.0 )
LeftUpLeg tmat4x4( 1.0, 0.0, 0.0, 0.0,
         0.0, 1.0, 0.0, 0.0,
         0.0, 0.0, 1.0, 0.0,
         0.0, 0.0, 0.0, 1.0 ) tmat4x4( 1.0, 0.0, 0.0, 0.0,
         0.0, 1.0, 0.0, 0.0,
         0.0, 0.0, 1.0, 0.0,
         0.0, 0.0, 0.0, 1.0 ) tmat4x4( 0.9335803985595703, -0.3583679497241974, 0.0, 0.0,
         0.3583679497241974, 0.9335803985595703, 0.0, 0.0,
         0.0, 0.0, 1.0, 0.0,
         0.0, 0.0, 0.0, 1.0 ) tmat4x4( 1.0, 0.0, 0.0, 0.0,
         0.0, 1.0, 0.0, 0.0,
         0.0, 0.0, 1.0, 0.0,
         1.6567399501800537, -1.8028199672698975, 0.6247699856758118, 1.0 )
RightUpLeg tmat4x4( 1.0, 0.0, 0.0, 0.0,
         0.0, 1.0, 0.0, 0.0,
         0.0, 0.0, 1.0, 0.0,
         0.0, 0.0, 0.0, 1.0 ) tmat4x4( 1.0, 0.0, 0.0, 0.0,
         0.0, 1.0, 0.0, 0.0,
         0.0, 0.0, 1.0, 0.0,
         0.0, 0.0, 0.0, 1.0 ) tmat4x4( 0.9335803985595703, 0.3583679497241974, 0.0, 0.0,
         -0.3583679497241974, 0.9335803985595703, 0.0, 0.0,
         0.0, 0.0, 1.0, 0.0,
         0.0, 0.0, 0.0, 1.0 ) tmat4x4( 1.0, 0.0, 0.0, 0.0,
         0.0, 1.0, 0.0, 0.0,
         0.0, 0.0, 1.0, 0.0,
         -1.610700011253357, -1.8028199672698975, 0.6247599720954895, 1.0 )
Spine tmat4x4( 1.0, 0.0, 0.0, 0.0,
         0.0, 1.0, 0.0, 0.0,
         0.0, 0.0, 1.0, 0.0,
         0.0, 0.0, 0.0, 1.0 ) tmat4x4( 1.0, 0.0, 0.0, 0.0,
         0.0, 1.0, 0.0, 0.0,
         0.0, 0.0, 1.0, 0.0,
         0.0, 0.0, 0.0, 1.0 ) tmat4x4( 1.0, 0.0, 0.0, 0.0,
         0.0, 1.0, 0.0, 0.0,
         0.0, 0.0, 1.0, 0.0,
         0.0, 0.0, 0.0, 1.0 ) tmat4x4( 1.0, 0.0, 0.0, 0.0,
         0.0, 1.0, 0.0, 0.0,
         0.0, 0.0, 1.0, 0.0,
         0.019610000774264336, 2.054500102996826, -0.14112000167369843, 1.0 )
LeftLeg tmat4x4( 1.0, 0.0, 0.0, 0.0,
         0.0, 1.0, 0.0, 0.0,
         0.0, 0.0, 1.0, 0.0,
         0.0, 0.0, 0.0, 1.0 ) tmat4x4( 1.0, 0.0, 0.0, 0.0,
         0.0, 1.0, 0.0, 0.0,
         0.0, 0.0, 1.0, 0.0,
         0.0, 0.0, 0.0, 1.0 ) tmat4x4( 1.0, 0.0, 0.0, 0.0,
         0.0, 1.0, 0.0, 0.0,
         0.0, 0.0, 1.0, 0.0,
         0.0, 0.0, 0.0, 1.0 ) tmat4x4( 1.0, 0.0, 0.0, 0.0,
         0.0, 1.0, 0.0, 0.0,
         0.0, 0.0, 1.0, 0.0,
         2.5971999168395996, -7.1357598304748535, 0.0, 1.0 )
RightLeg tmat4x4( 1.0, 0.0, 0.0, 0.0,
         0.0, 1.0, 0.0, 0.0,
         0.0, 0.0, 1.0, 0.0,
         0.0, 0.0, 0.0, 1.0 ) tmat4x4( 1.0, 0.0, 0.0, 0.0,
         0.0, 1.0, 0.0, 0.0,
         0.0, 0.0, 1.0, 0.0,
         0.0, 0.0, 0.0, 1.0 ) tmat4x4( 1.0, 0.0, 0.0, 0.0,
         0.0, 1.0, 0.0, 0.0,
         0.0, 0.0, 1.0, 0.0,
         0.0, 0.0, 0.0, 1.0 ) tmat4x4( 1.0, 0.0, 0.0, 0.0,
         0.0, 1.0, 0.0, 0.0,
         0.0, 0.0, 1.0, 0.0,
         -2.595020055770874, -7.129769802093506, 0.0, 1.0 )
Spine1 tmat4x4( 1.0, 0.0, 0.0, 0.0,
         0.0, 1.0, 0.0, 0.0,
         0.0, 0.0, 1.0, 0.0,
         0.0, 0.0, 0.0, 1.0 ) tmat4x4( 1.0, 0.0, 0.0, 0.0,
         0.0, 1.0, 0.0, 0.0,
         0.0, 0.0, 1.0, 0.0,
         0.0, 0.0, 0.0, 1.0 ) tmat4x4( 1.0, 0.0, 0.0, 0.0,
         0.0, 1.0, 0.0, 0.0,
         0.0, 0.0, 1.0, 0.0,
         0.0, 0.0, 0.0, 1.0 ) tmat4x4( 1.0, 0.0, 0.0, 0.0,
         0.0, 1.0, 0.0, 0.0,
         0.0, 0.0, 1.0, 0.0,
         0.010209999978542328, 2.0643599033355713, -0.059209998697042465, 1.0 )
LeftFoot tmat4x4( 1.0, 0.0, 0.0, 0.0,
         0.0, 1.0, 0.0, 0.0,
         0.0, 0.0, 1.0, 0.0,
         0.0, 0.0, 0.0, 1.0 ) tmat4x4( 1.0, 0.0, 0.0, 0.0,
         0.0, 1.0, 0.0, 0.0,
         0.0, 0.0, 1.0, 0.0,
         0.0, 0.0, 0.0, 1.0 ) tmat4x4( 1.0, 0.0, 0.0, 0.0,
         0.0, 1.0, 0.0, 0.0,
         0.0, 0.0, 1.0, 0.0,
         0.0, 0.0, 0.0, 1.0 ) tmat4x4( 1.0, 0.0, 0.0, 0.0,
         0.0, 1.0, 0.0, 0.0,
         0.0, 0.0, 1.0, 0.0,
         2.4923601150512695, -6.847700119018555, 0.0, 1.0 )
RightFoot tmat4x4( 1.0, 0.0, 0.0, 0.0,
         0.0, 1.0, 0.0, 0.0,
         0.0, 0.0, 1.0, 0.0,
         0.0, 0.0, 0.0, 1.0 ) tmat4x4( 1.0, 0.0, 0.0, 0.0,
         0.0, 1.0, 0.0, 0.0,
         0.0, 0.0, 1.0, 0.0,
         0.0, 0.0, 0.0, 1.0 ) tmat4x4( 1.0, 0.0, 0.0, 0.0,
         0.0, 1.0, 0.0, 0.0,
         0.0, 0.0, 1.0, 0.0,
         0.0, 0.0, 0.0, 1.0 ) tmat4x4( 1.0, 0.0, 0.0, 0.0,
         0.0, 1.0, 0.0, 0.0,
         0.0, 0.0, 1.0, 0.0,
         -2.4677999019622803, -6.780240058898926, 0.0, 1.0 )
Neck tmat4x4( 1.0, 0.0, 0.0, 0.0,
         0.0, 0.9612616896629333, -0.27563735842704773, 0.0,
         0.0, 0.27563735842704773, 0.9612616896629333, 0.0,
         0.0, 0.0, 0.0, 1.0 ) tmat4x4( 1.0, 0.0, 0.0, 0.0,
         0.0, 1.0, 0.0, 0.0,
         0.0, 0.0, 1.0, 0.0,
         0.0, 0.0, 0.0, 1.0 ) tmat4x4( 1.0, 0.0, 0.0, 0.0,
         0.0, 1.0, 0.0, 0.0,
         0.0, 0.0, 1.0, 0.0,
         0.0, 0.0, 0.0, 1.0 ) tmat4x4( 1.0, 0.0, 0.0, 0.0,
         0.0, 1.0, 0.0, 0.0,
         0.0, 0.0, 1.0, 0.0,
         0.0, 0.0, 0.0, 1.0 )
LeftShoulder tmat4x4( 1.0, 0.0, 0.0, 0.0,
         0.0, 1.0, 0.0, 0.0,
         0.0, 0.0, 1.0, 0.0,
         0.0, 0.0, 0.0, 1.0 ) tmat4x4( 1.0, 0.0, 0.0, 0.0,
         0.0, 1.0, 0.0, 0.0,
         0.0, 0.0, 1.0, 0.0,
         0.0, 0.0, 0.0, 1.0 ) tmat4x4( 1.0, 0.0, 0.0, 0.0,
         0.0, 1.0, 0.0, 0.0,
         0.0, 0.0, 1.0, 0.0,
         0.0, 0.0, 0.0, 1.0 ) tmat4x4( 1.0, 0.0, 0.0, 0.0,
         0.0, 1.0, 0.0, 0.0,
         0.0, 0.0, 1.0, 0.0,
         0.0, 0.0, 0.0, 1.0 )
RightShoulder tmat4x4( 1.0, 0.0, 0.0, 0.0,
         0.0, 1.0, 0.0, 0.0,
         0.0, 0.0, 1.0, 0.0,
         0.0, 0.0, 0.0, 1.0 ) tmat4x4( 1.0, 0.0, 0.0, 0.0,
         0.0, 1.0, 0.0, 0.0,
         0.0, 0.0, 1.0, 0.0,
         0.0, 0.0, 0.0, 1.0 ) tmat4x4( 1.0, 0.0, 0.0, 0.0,
         0.0, 1.0, 0.0, 0.0,
         0.0, 0.0, 1.0, 0.0,
         0.0, 0.0, 0.0, 1.0 ) tmat4x4( 1.0, 0.0, 0.0, 0.0,
         0.0, 1.0, 0.0, 0.0,
         0.0, 0.0, 1.0, 0.0,
         0.0, 0.0, 0.0, 1.0 )
LeftToeBase tmat4x4( 1.0, 0.0, 0.0, 0.0,
         0.0, 1.0, 0.0, 0.0,
         0.0, 0.0, 1.0, 0.0,
         0.0, 0.0, 0.0, 1.0 ) tmat4x4( 1.0, 0.0, 0.0, 0.0,
         0.0, 1.0, 0.0, 0.0,
         0.0, 0.0, 1.0, 0.0,
         0.0, 0.0, 0.0, 1.0 ) tmat4x4( 1.0, 0.0, 0.0, 0.0,
         0.0, 1.0, 0.0, 0.0,
         0.0, 0.0, 1.0, 0.0,
         0.0, 0.0, 0.0, 1.0 ) tmat4x4( 1.0, 0.0, 0.0, 0.0,
         0.0, 1.0, 0.0, 0.0,
         0.0, 0.0, 1.0, 0.0,
         0.19704000651836395, -0.5413600206375122, 2.1458098888397217, 1.0 )
RightToeBase tmat4x4( 1.0, 0.0, 0.0, 0.0,
         0.0, 1.0, 0.0, 0.0,
         0.0, 0.0, 1.0, 0.0,
         0.0, 0.0, 0.0, 1.0 ) tmat4x4( 1.0, 0.0, 0.0, 0.0,
         0.0, 1.0, 0.0, 0.0,
         0.0, 0.0, 1.0, 0.0,
         0.0, 0.0, 0.0, 1.0 ) tmat4x4( 1.0, 0.0, 0.0, 0.0,
         0.0, 1.0, 0.0, 0.0,
         0.0, 0.0, 1.0, 0.0,
         0.0, 0.0, 0.0, 1.0 ) tmat4x4( 1.0, 0.0, 0.0, 0.0,
         0.0, 1.0, 0.0, 0.0,
         0.0, 0.0, 1.0, 0.0,
         -0.23024000227451324, -0.6325799822807312, 2.1336801052093506, 1.0 )
Neck1 tmat4x4( 1.0, 0.0, 0.0, 0.0,
         0.0, 0.9335803985595703, 0.3583679497241974, 0.0,
         0.0, -0.3583679497241974, 0.9335803985595703, 0.0,
         0.0, 0.0, 0.0, 1.0 ) tmat4x4( 1.0, 0.0, 0.0, 0.0,
         0.0, 1.0, 0.0, 0.0,
         0.0, 0.0, 1.0, 0.0,
         0.0, 0.0, 0.0, 1.0 ) tmat4x4( 1.0, 0.0, 0.0, 0.0,
         0.0, 1.0, 0.0, 0.0,
         0.0, 0.0, 1.0, 0.0,
         0.0, 0.0, 0.0, 1.0 ) tmat4x4( 1.0, 0.0, 0.0, 0.0,
         0.0, 1.0, 0.0, 0.0,
         0.0, 0.0, 1.0, 0.0,
         0.0071299998089671135, 1.5671099424362183, 0.1496800035238266, 1.0 )
LeftArm tmat4x4( 1.0, 0.0, 0.0, 0.0,
         0.0, 1.0, 0.0, 0.0,
         0.0, 0.0, 1.0, 0.0,
         0.0, 0.0, 0.0, 1.0 ) tmat4x4( 1.0, 0.0, 0.0, 0.0,
         0.0, 1.0, 0.0, 0.0,
         0.0, 0.0, 1.0, 0.0,
         0.0, 0.0, 0.0, 1.0 ) tmat4x4( 0.9902680516242981, -0.13917310535907745, 0.0, 0.0,
         0.13917310535907745, 0.9902680516242981, 0.0, 0.0,
         0.0, 0.0, 1.0, 0.0,
         0.0, 0.0, 0.0, 1.0 ) tmat4x4( 1.0, 0.0, 0.0, 0.0,
         0.0, 1.0, 0.0, 0.0,
         0.0, 0.0, 1.0, 0.0,
         3.5420498847961426, 0.9043599963188171, -0.17363999783992767, 1.0 )
RightArm tmat4x4( 1.0, 0.0, 0.0, 0.0,
         0.0, 1.0, 0.0, 0.0,
         0.0, 0.0, 1.0, 0.0,
         0.0, 0.0, 0.0, 1.0 ) tmat4x4( 1.0, 0.0, 0.0, 0.0,
         0.0, 1.0, 0.0, 0.0,
         0.0, 0.0, 1.0, 0.0,
         0.0, 0.0, 0.0, 1.0 ) tmat4x4( 0.9902680516242981, 0.13917310535907745, 0.0, 0.0,
         -0.13917310535907745, 0.9902680516242981, 0.0, 0.0,
         0.0, 0.0, 1.0, 0.0,
         0.0, 0.0, 0.0, 1.0 ) tmat4x4( 1.0, 0.0, 0.0, 0.0,
         0.0, 1.0, 0.0, 0.0,
         0.0, 0.0, 1.0, 0.0,
         -3.4980199337005615, 0.7599400281906128, -0.3261600136756897, 1.0 )
Head tmat4x4( 1.0, 0.0, 0.0, 0.0,
         0.0, 0.9816271662712097, 0.1908089965581894, 0.0,
         0.0, -0.1908089965581894, 0.9816271662712097, 0.0,
         0.0, 0.0, 0.0, 1.0 ) tmat4x4( 1.0, 0.0, 0.0, 0.0,
         0.0, 1.0, 0.0, 0.0,
         0.0, 0.0, 1.0, 0.0,
         0.0, 0.0, 0.0, 1.0 ) tmat4x4( 1.0, 0.0, 0.0, 0.0,
         0.0, 1.0, 0.0, 0.0,
         0.0, 0.0, 1.0, 0.0,
         0.0, 0.0, 0.0, 1.0 ) tmat4x4( 1.0, 0.0, 0.0, 0.0,
         0.0, 1.0, 0.0, 0.0,
         0.0, 0.0, 1.0, 0.0,
         0.034290000796318054, 1.5604100227355957, -0.10006000101566315, 1.0 )
LeftForeArm tmat4x4( 1.0, 0.0, 0.0, 0.0,
         0.0, 1.0, 0.0, 0.0,
         0.0, 0.0, 1.0, 0.0,
         0.0, 0.0, 0.0, 1.0 ) tmat4x4( 1.0, 0.0, 0.0, 0.0,
         0.0, 1.0, 0.0, 0.0,
         0.0, 0.0, 1.0, 0.0,
         0.0, 0.0, 0.0, 1.0 ) tmat4x4( 1.0, 0.0, 0.0, 0.0,
         0.0, 1.0, 0.0, 0.0,
         0.0, 0.0, 1.0, 0.0,
         0.0, 0.0, 0.0, 1.0 ) tmat4x4( 1.0, 0.0, 0.0, 0.0,
         0.0, 1.0, 0.0, 0.0,
         0.0, 0.0, 1.0, 0.0,
         4.8651299476623535, 0.0, 0.0, 1.0 )
RightForeArm tmat4x4( 1.0, 0.0, 0.0, 0.0,
         0.0, 1.0, 0.0, 0.0,
         0.0, 0.0, 1.0, 0.0,
         0.0, 0.0, 0.0, 1.0 ) tmat4x4( 1.0, 0.0, 0.0, 0.0,
         0.0, 1.0, 0.0, 0.0,
         0.0, 0.0, 1.0, 0.0,
         0.0, 0.0, 0.0, 1.0 ) tmat4x4( 1.0, 0.0, 0.0, 0.0,
         0.0, 1.0, 0.0, 0.0,
         0.0, 0.0, 1.0, 0.0,
         0.0, 0.0, 0.0, 1.0 ) tmat4x4( 1.0, 0.0, 0.0, 0.0,
         0.0, 1.0, 0.0, 0.0,
         0.0, 0.0, 1.0, 0.0,
         -5.026490211486816, 0.0, 0.0, 1.0 )
LeftHand tmat4x4( 1.0, 0.0, 0.0, 0.0,
         0.0, 1.0, 0.0, 0.0,
         0.0, 0.0, 1.0, 0.0,
         0.0, 0.0, 0.0, 1.0 ) tmat4x4( 1.0, 0.0, 0.0, 0.0,
         0.0, 1.0, 0.0, 0.0,
         0.0, 0.0, 1.0, 0.0,
         0.0, 0.0, 0.0, 1.0 ) tmat4x4( 1.0, 0.0, 0.0, 0.0,
         0.0, 1.0, 0.0, 0.0,
         0.0, 0.0, 1.0, 0.0,
         0.0, 0.0, 0.0, 1.0 ) tmat4x4( 1.0, 0.0, 0.0, 0.0,
         0.0, 1.0, 0.0, 0.0,
         0.0, 0.0, 1.0, 0.0,
         3.3555400371551514, 0.0, 0.0, 1.0 )
RightHand tmat4x4( 1.0, 0.0, 0.0, 0.0,
         0.0, 1.0, 0.0, 0.0,
         0.0, 0.0, 1.0, 0.0,
         0.0, 0.0, 0.0, 1.0 ) tmat4x4( 1.0, 0.0, 0.0, 0.0,
         0.0, 1.0, 0.0, 0.0,
         0.0, 0.0, 1.0, 0.0,
         0.0, 0.0, 0.0, 1.0 ) tmat4x4( 1.0, 0.0, 0.0, 0.0,
         0.0, 1.0, 0.0, 0.0,
         0.0, 0.0, 1.0, 0.0,
         0.0, 0.0, 0.0, 1.0 ) tmat4x4( 1.0, 0.0, 0.0, 0.0,
         0.0, 1.0, 0.0, 0.0,
         0.0, 0.0, 1.0, 0.0,
         -3.3643100261688232, 0.0, 0.0, 1.0 )
LeftFingerBase tmat4x4( 1.0, 0.0, 0.0, 0.0,
         0.0, 1.0, 0.0, 0.0,
         0.0, 0.0, 1.0, 0.0,
         0.0, 0.0, 0.0, 1.0 ) tmat4x4( 1.0, 0.0, 0.0, 0.0,
         0.0, 1.0, 0.0, 0.0,
         0.0, 0.0, 1.0, 0.0,
         0.0, 0.0, 0.0, 1.0 ) tmat4x4( 1.0, 0.0, 0.0, 0.0,
         0.0, 1.0, 0.0, 0.0,
         0.0, 0.0, 1.0, 0.0,
         0.0, 0.0, 0.0, 1.0 ) tmat4x4( 1.0, 0.0, 0.0, 0.0,
         0.0, 1.0, 0.0, 0.0,
         0.0, 0.0, 1.0, 0.0,
         0.0, 0.0, 0.0, 1.0 )
LThumb tmat4x4( 1.0, 0.0, 0.0, 0.0,
         0.0, 1.0, 0.0, 0.0,
         0.0, 0.0, 1.0, 0.0,
         0.0, 0.0, 0.0, 1.0 ) tmat4x4( 1.0, 0.0, 0.0, 0.0,
         0.0, 1.0, 0.0, 0.0,
         0.0, 0.0, 1.0, 0.0,
         0.0, 0.0, 0.0, 1.0 ) tmat4x4( 1.0, 0.0, 0.0, 0.0,
         0.0, 1.0, 0.0, 0.0,
         0.0, 0.0, 1.0, 0.0,
         0.0, 0.0, 0.0, 1.0 ) tmat4x4( 1.0, 0.0, 0.0, 0.0,
         0.0, 1.0, 0.0, 0.0,
         0.0, 0.0, 1.0, 0.0,
         0.0, 0.0, 0.0, 1.0 )
RightFingerBase tmat4x4( 1.0, 0.0, 0.0, 0.0,
         0.0, 1.0, 0.0, 0.0,
         0.0, 0.0, 1.0, 0.0,
         0.0, 0.0, 0.0, 1.0 ) tmat4x4( 1.0, 0.0, 0.0, 0.0,
         0.0, 1.0, 0.0, 0.0,
         0.0, 0.0, 1.0, 0.0,
         0.0, 0.0, 0.0, 1.0 ) tmat4x4( 1.0, 0.0, 0.0, 0.0,
         0.0, 1.0, 0.0, 0.0,
         0.0, 0.0, 1.0, 0.0,
         0.0, 0.0, 0.0, 1.0 ) tmat4x4( 1.0, 0.0, 0.0, 0.0,
         0.0, 1.0, 0.0, 0.0,
         0.0, 0.0, 1.0, 0.0,
         0.0, 0.0, 0.0, 1.0 )
RThumb tmat4x4( 1.0, 0.0, 0.0, 0.0,
         0.0, 1.0, 0.0, 0.0,
         0.0, 0.0, 1.0, 0.0,
         0.0, 0.0, 0.0, 1.0 ) tmat4x4( 1.0, 0.0, 0.0, 0.0,
         0.0, 1.0, 0.0, 0.0,
         0.0, 0.0, 1.0, 0.0,
         0.0, 0.0, 0.0, 1.0 ) tmat4x4( 1.0, 0.0, 0.0, 0.0,
         0.0, 1.0, 0.0, 0.0,
         0.0, 0.0, 1.0, 0.0,
         0.0, 0.0, 0.0, 1.0 ) tmat4x4( 1.0, 0.0, 0.0, 0.0,
         0.0, 1.0, 0.0, 0.0,
         0.0, 0.0, 1.0, 0.0,
         0.0, 0.0, 0.0, 1.0 )
LeftHandIndex1 tmat4x4( 1.0, 0.0, 0.0, 0.0,
         0.0, 1.0, 0.0, 0.0,
         0.0, 0.0, 1.0, 0.0,
         0.0, 0.0, 0.0, 1.0 ) tmat4x4( 1.0, 0.0, 0.0, 0.0,
         0.0, 1.0, 0.0, 0.0,
         0.0, 0.0, 1.0, 0.0,
         0.0, 0.0, 0.0, 1.0 ) tmat4x4( 1.0, 0.0, 0.0, 0.0,
         0.0, 1.0, 0.0, 0.0,
         0.0, 0.0, 1.0, 0.0,
         0.0, 0.0, 0.0, 1.0 ) tmat4x4( 1.0, 0.0, 0.0, 0.0,
         0.0, 1.0, 0.0, 0.0,
         0.0, 0.0, 1.0, 0.0,
         0.6611700057983398, 0.0, 0.0, 1.0 )
RightHandIndex1 tmat4x4( 1.0, 0.0, 0.0, 0.0,
         0.0, 1.0, 0.0, 0.0,
         0.0, 0.0, 1.0, 0.0,
         0.0, 0.0, 0.0, 1.0 ) tmat4x4( 1.0, 0.0, 0.0, 0.0,
         0.0, 1.0, 0.0, 0.0,
         0.0, 0.0, 1.0, 0.0,
         0.0, 0.0, 0.0, 1.0 ) tmat4x4( 1.0, 0.0, 0.0, 0.0,
         0.0, 1.0, 0.0, 0.0,
         0.0, 0.0, 1.0, 0.0,
         0.0, 0.0, 0.0, 1.0 ) tmat4x4( 1.0, 0.0, 0.0, 0.0,
         0.0, 1.0, 0.0, 0.0,
         0.0, 0.0, 1.0, 0.0,
         -0.7304099798202515, 0.0, 0.0, 1.0 )
DATA FOR FRAME 1
Hips tmat4x4( 1.0, 0.0, 0.0, 0.0,
         0.0, 0.9897528290748596, 0.14279131591320038, 0.0,
         0.0, -0.14279131591320038, 0.9897528290748596, 0.0,
         0.0, 0.0, 0.0, 1.0 ) tmat4x4( 0.9982461333274841, 0.0, -0.05920009687542915, 0.0,
         0.0, 1.0, 0.0, 0.0,
         0.05920009687542915, 0.0, 0.9982461333274841, 0.0,
         0.0, 0.0, 0.0, 1.0 ) tmat4x4( 0.9997944235801697, 0.020275846123695374, 0.0, 0.0,
         -0.020275846123695374, 0.9997944235801697, 0.0, 0.0,
         0.0, 0.0, 1.0, 0.0,
         0.0, 0.0, 0.0, 1.0 ) tmat4x4( 1.0, 0.0, 0.0, 0.0,
         0.0, 1.0, 0.0, 0.0,
         0.0, 0.0, 1.0, 0.0,
         0.0, 0.0, 0.0, 1.0 )
LHipJoint tmat4x4( 1.0, 0.0, 0.0, 0.0,
         0.0, 1.0, 0.0, 0.0,
         0.0, 0.0, 1.0, 0.0,
         0.0, 0.0, 0.0, 1.0 ) tmat4x4( 1.0, 0.0, 0.0, 0.0,
         0.0, 1.0, 0.0, 0.0,
         0.0, 0.0, 1.0, 0.0,
         0.0, 0.0, 0.0, 1.0 ) tmat4x4( 1.0, 0.0, 0.0, 0.0,
         0.0, 1.0, 0.0, 0.0,
         0.0, 0.0, 1.0, 0.0,
         0.0, 0.0, 0.0, 1.0 ) tmat4x4( 1.0, 0.0, 0.0, 0.0,
         0.0, 1.0, 0.0, 0.0,
         0.0, 0.0, 1.0, 0.0,
         0.0, 0.0, 0.0, 1.0 )
RHipJoint tmat4x4( 1.0, 0.0, 0.0, 0.0,
         0.0, 1.0, 0.0, 0.0,
         0.0, 0.0, 1.0, 0.0,
         0.0, 0.0, 0.0, 1.0 ) tmat4x4( 1.0, 0.0, 0.0, 0.0,
         0.0, 1.0, 0.0, 0.0,
         0.0, 0.0, 1.0, 0.0,
         0.0, 0.0, 0.0, 1.0 ) tmat4x4( 1.0, 0.0, 0.0, 0.0,
         0.0, 1.0, 0.0, 0.0,
         0.0, 0.0, 1.0, 0.0,
         0.0, 0.0, 0.0, 1.0 ) tmat4x4( 1.0, 0.0, 0.0, 0.0,
         0.0, 1.0, 0.0, 0.0,
         0.0, 0.0, 1.0, 0.0,
         0.0, 0.0, 0.0, 1.0 )
LowerBack tmat4x4( 1.0, 0.0, 0.0, 0.0,
         0.0, 0.9930008053779602, 0.11810760945081711, 0.0,
         0.0, -0.11810760945081711, 0.9930008053779602, 0.0,
         0.0, 0.0, 0.0, 1.0 ) tmat4x4( 0.9971281886100769, 0.0, 0.07573230564594269, 0.0,
         0.0, 1.0, 0.0, 0.0,
         -0.07573230564594269, 0.0, 0.9971281886100769, 0.0,
         0.0, 0.0, 0.0, 1.0 ) tmat4x4( 0.9992726445198059, -0.038133177906274796, 0.0, 0.0,
         0.038133177906274796, 0.9992726445198059, 0.0, 0.0,
         0.0, 0.0, 1.0, 0.0,
         0.0, 0.0, 0.0, 1.0 ) tmat4x4( 1.0, 0.0, 0.0, 0.0,
         0.0, 1.0, 0.0, 0.0,
         0.0, 0.0, 1.0, 0.0,
         0.0, 0.0, 0.0, 1.0 )
LeftUpLeg tmat4x4( 1.0, 0.0, 0.0, 0.0,
         0.0, 0.9679094552993774, 0.251299113035202, 0.0,
         0.0, -0.251299113035202, 0.9679094552993774, 0.0,
         0.0, 0.0, 0.0, 1.0 ) tmat4x4( 0.9997166991233826, 0.0, 0.023800551891326904, 0.0,
         0.0, 1.0, 0.0, 0.0,
         -0.023800551891326904, 0.0, 0.9997166991233826, 0.0,
         0.0, 0.0, 0.0, 1.0 ) tmat4x4( 0.9079157710075378, -0.4191526174545288, 0.0, 0.0,
         0.4191526174545288, 0.9079157710075378, 0.0, 0.0,
         0.0, 0.0, 1.0, 0.0,
         0.0, 0.0, 0.0, 1.0 ) tmat4x4( 1.0, 0.0, 0.0, 0.0,
         0.0, 1.0, 0.0, 0.0,
         0.0, 0.0, 1.0, 0.0,
         1.6567399501800537, -1.8028199672698975, 0.6247699856758118, 1.0 )
RightUpLeg tmat4x4( 1.0, 0.0, 0.0, 0.0,
         0.0, 0.8079343438148499, -0.5892724990844727, 0.0,
         0.0, 0.5892724990844727, 0.8079343438148499, 0.0,
         0.0, 0.0, 0.0, 1.0 ) tmat4x4( 0.9473209977149963, 0.0, -0.3202856481075287, 0.0,
         0.0, 1.0, 0.0, 0.0,
         0.3202856481075287, 0.0, 0.9473209977149963, 0.0,
         0.0, 0.0, 0.0, 1.0 ) tmat4x4( 0.9524474143981934, 0.3047030568122864, 0.0, 0.0,
         -0.3047030568122864, 0.9524474143981934, 0.0, 0.0,
         0.0, 0.0, 1.0, 0.0,
         0.0, 0.0, 0.0, 1.0 ) tmat4x4( 1.0, 0.0, 0.0, 0.0,
         0.0, 1.0, 0.0, 0.0,
         0.0, 0.0, 1.0, 0.0,
         -1.610700011253357, -1.8028199672698975, 0.6247599720954895, 1.0 )
Spine tmat4x4( 1.0, 0.0, 0.0, 0.0,
         0.0, 0.999966561794281, 0.008178521879017353, 0.0,
         0.0, -0.008178521879017353, 0.999966561794281, 0.0,
         0.0, 0.0, 0.0, 1.0 ) tmat4x4( 0.9947136044502258, 0.0, 0.10268837213516235, 0.0,
         0.0, 1.0, 0.0, 0.0,
         -0.10268837213516235, 0.0, 0.9947136044502258, 0.0,
         0.0, 0.0, 0.0, 1.0 ) tmat4x4( 0.9996355175971985, 0.02699696272611618, 0.0, 0.0,
         -0.02699696272611618, 0.9996355175971985, 0.0, 0.0,
         0.0, 0.0, 1.0, 0.0,
         0.0, 0.0, 0.0, 1.0 ) tmat4x4( 1.0, 0.0, 0.0, 0.0,
         0.0, 1.0, 0.0, 0.0,
         0.0, 0.0, 1.0, 0.0,
         0.019610000774264336, 2.054500102996826, -0.14112000167369843, 1.0 )
LeftLeg tmat4x4( 1.0, 0.0, 0.0, 0.0,
         0.0, 0.9208740592002869, 0.3898601830005646, 0.0,
         0.0, -0.3898601830005646, 0.9208740592002869, 0.0,
         0.0, 0.0, 0.0, 1.0 ) tmat4x4( 0.9900820851325989, 0.0, -0.14048998057842255, 0.0,
         0.0, 1.0, 0.0, 0.0,
         0.14048998057842255, 0.0, 0.9900820851325989, 0.0,
         0.0, 0.0, 0.0, 1.0 ) tmat4x4( 0.9995895028114319, 0.02865089476108551, 0.0, 0.0,
         -0.02865089476108551, 0.9995895028114319, 0.0, 0.0,
         0.0, 0.0, 1.0, 0.0,
         0.0, 0.0, 0.0, 1.0 ) tmat4x4( 1.0, 0.0, 0.0, 0.0,
         0.0, 1.0, 0.0, 0.0,
         0.0, 0.0, 1.0, 0.0,
         2.5971999168395996, -7.1357598304748535, 0.0, 1.0 )
RightLeg tmat4x4( 1.0, 0.0, 0.0, 0.0,
         0.0, 0.6814799308776855, 0.7318367958068848, 0.0,
         0.0, -0.7318367958068848, 0.6814799308776855, 0.0,
         0.0, 0.0, 0.0, 1.0 ) tmat4x4( 0.9663069248199463, 0.0, 0.2573925256729126, 0.0,
         0.0, 1.0, 0.0, 0.0,
         -0.2573925256729126, 0.0, 0.9663069248199463, 0.0,
         0.0, 0.0, 0.0, 1.0 ) tmat4x4( 0.9935293197631836, -0.11357603967189789, 0.0, 0.0,
         0.11357603967189789, 0.9935293197631836, 0.0, 0.0,
         0.0, 0.0, 1.0, 0.0,
         0.0, 0.0, 0.0, 1.0 ) tmat4x4( 1.0, 0.0, 0.0, 0.0,
         0.0, 1.0, 0.0, 0.0,
         0.0, 0.0, 1.0, 0.0,
         -2.595020055770874, -7.129769802093506, 0.0, 1.0 )
Spine1 tmat4x4( 1.0, 0.0, 0.0, 0.0,
         0.0, 0.998701810836792, -0.05093806982040405, 0.0,
         0.0, 0.05093806982040405, 0.998701810836792, 0.0,
         0.0, 0.0, 0.0, 1.0 ) tmat4x4( 0.9987214803695679, 0.0, 0.05055110529065132, 0.0,
         0.0, 1.0, 0.0, 0.0,
         -0.05055110529065132, 0.0, 0.9987214803695679, 0.0,
         0.0, 0.0, 0.0, 1.0 ) tmat4x4( 0.9983004927635193, 0.058276668190956116, 0.0, 0.0,
         -0.058276668190956116, 0.9983004927635193, 0.0, 0.0,
         0.0, 0.0, 1.0, 0.0,
         0.0, 0.0, 0.0, 1.0 ) tmat4x4( 1.0, 0.0, 0.0, 0.0,
         0.0, 1.0, 0.0, 0.0,
         0.0, 0.0, 1.0, 0.0,
         0.010209999978542328, 2.0643599033355713, -0.059209998697042465, 1.0 )
LeftFoot tmat4x4( 1.0, 0.0, 0.0, 0.0,
         0.0, 0.9152144193649292, 0.4029671251773834, 0.0,
         0.0, -0.4029671251773834, 0.9152144193649292, 0.0,
         0.0, 0.0, 0.0, 1.0 ) tmat4x4( 0.9565829634666443, 0.0, -0.2914602756500244, 0.0,
         0.0, 1.0, 0.0, 0.0,
         0.2914602756500244, 0.0, 0.9565829634666443, 0.0,
         0.0, 0.0, 0.0, 1.0 ) tmat4x4( 0.9996269941329956, 0.02731100656092167, 0.0, 0.0,
         -0.02731100656092167, 0.9996269941329956, 0.0, 0.0,
         0.0, 0.0, 1.0, 0.0,
         0.0, 0.0, 0.0, 1.0 ) tmat4x4( 1.0, 0.0, 0.0, 0.0,
         0.0, 1.0, 0.0, 0.0,
         0.0, 0.0, 1.0, 0.0,
         2.4923601150512695, -6.847700119018555, 0.0, 1.0 )
RightFoot tmat4x4( 1.0, 0.0, 0.0, 0.0,
         0.0, 0.9162935614585876, -0.4005073606967926, 0.0,
         0.0, 0.4005073606967926, 0.9162935614585876, 0.0,
         0.0, 0.0, 0.0, 1.0 ) tmat4x4( 0.9924104809761047, 0.0, 0.12296929210424423, 0.0,
         0.0, 1.0, 0.0, 0.0,
         -0.12296929210424423, 0.0, 0.9924104809761047, 0.0,
         0.0, 0.0, 0.0, 1.0 ) tmat4x4( 0.9998133182525635, -0.019323082640767097, 0.0, 0.0,
         0.019323082640767097, 0.9998133182525635, 0.0, 0.0,
         0.0, 0.0, 1.0, 0.0,
         0.0, 0.0, 0.0, 1.0 ) tmat4x4( 1.0, 0.0, 0.0, 0.0,
         0.0, 1.0, 0.0, 0.0,
         0.0, 0.0, 1.0, 0.0,
         -2.4677999019622803, -6.780240058898926, 0.0, 1.0 )
Neck tmat4x4( 1.0, 0.0, 0.0, 0.0,
         0.0, 0.9638135433197021, -0.2665773332118988, 0.0,
         0.0, 0.2665773332118988, 0.9638135433197021, 0.0,
         0.0, 0.0, 0.0, 1.0 ) tmat4x4( 0.9984071850776672, 0.0, -0.05641920864582062, 0.0,
         0.0, 1.0, 0.0, 0.0,
         0.05641920864582062, 0.0, 0.9984071850776672, 0.0,
         0.0, 0.0, 0.0, 1.0 ) tmat4x4( 0.9988157749176025, -0.048652783036231995, 0.0, 0.0,
         0.048652783036231995, 0.9988157749176025, 0.0, 0.0,
         0.0, 0.0, 1.0, 0.0,
         0.0, 0.0, 0.0, 1.0 ) tmat4x4( 1.0, 0.0, 0.0, 0.0,
         0.0, 1.0, 0.0, 0.0,
         0.0, 0.0, 1.0, 0.0,
         0.0, 0.0, 0.0, 1.0 )
LeftShoulder tmat4x4( 1.0, 0.0, 0.0, 0.0,
         0.0, 1.0, 0.0, 0.0,
         0.0, 0.0, 1.0, 0.0,
         0.0, 0.0, 0.0, 1.0 ) tmat4x4( 1.0, 0.0, 0.0, 0.0,
         0.0, 1.0, 0.0, 0.0,
         0.0, 0.0, 1.0, 0.0,
         0.0, 0.0, 0.0, 1.0 ) tmat4x4( 1.0, 0.0, 0.0, 0.0,
         0.0, 1.0, 0.0, 0.0,
         0.0, 0.0, 1.0, 0.0,
         0.0, 0.0, 0.0, 1.0 ) tmat4x4( 1.0, 0.0, 0.0, 0.0,
         0.0, 1.0, 0.0, 0.0,
         0.0, 0.0, 1.0, 0.0,
         0.0, 0.0, 0.0, 1.0 )
RightShoulder tmat4x4( 1.0, 0.0, 0.0, 0.0,
         0.0, 1.0, 0.0, 0.0,
         0.0, 0.0, 1.0, 0.0,
         0.0, 0.0, 0.0, 1.0 ) tmat4x4( 1.0, 0.0, 0.0, 0.0,
         0.0, 1.0, 0.0, 0.0,
         0.0, 0.0, 1.0, 0.0,
         0.0, 0.0, 0.0, 1.0 ) tmat4x4( 1.0, 0.0, 0.0, 0.0,
         0.0, 1.0, 0.0, 0.0,
         0.0, 0.0, 1.0, 0.0,
         0.0, 0.0, 0.0, 1.0 ) tmat4x4( 1.0, 0.0, 0.0, 0.0,
         0.0, 1.0, 0.0, 0.0,
         0.0, 0.0, 1.0, 0.0,
         0.0, 0.0, 0.0, 1.0 )
LeftToeBase tmat4x4( 1.0, 0.0, 0.0, 0.0,
         0.0, 1.0, 0.0, 0.0,
         0.0, 0.0, 1.0, 0.0,
         0.0, 0.0, 0.0, 1.0 ) tmat4x4( 1.0, 0.0, 0.0, 0.0,
         0.0, 1.0, 0.0, 0.0,
         0.0, 0.0, 1.0, 0.0,
         0.0, 0.0, 0.0, 1.0 ) tmat4x4( 1.0, 0.0, 0.0, 0.0,
         0.0, 1.0, 0.0, 0.0,
         0.0, 0.0, 1.0, 0.0,
         0.0, 0.0, 0.0, 1.0 ) tmat4x4( 1.0, 0.0, 0.0, 0.0,
         0.0, 1.0, 0.0, 0.0,
         0.0, 0.0, 1.0, 0.0,
         0.19704000651836395, -0.5413600206375122, 2.1458098888397217, 1.0 )
RightToeBase tmat4x4( 1.0, 0.0, 0.0, 0.0,
         0.0, 0.9430375695228577, -0.3326862156391144, 0.0,
         0.0, 0.3326862156391144, 0.9430375695228577, 0.0,
         0.0, 0.0, 0.0, 1.0 ) tmat4x4( 0.9927485585212708, 0.0, -0.12020961195230484, 0.0,
         0.0, 1.0, 0.0, 0.0,
         0.12020961195230484, 0.0, 0.9927485585212708, 0.0,
         0.0, 0.0, 0.0, 1.0 ) tmat4x4( 0.9997866749763489, -0.020654503256082535, 0.0, 0.0,
         0.020654503256082535, 0.9997866749763489, 0.0, 0.0,
         0.0, 0.0, 1.0, 0.0,
         0.0, 0.0, 0.0, 1.0 ) tmat4x4( 1.0, 0.0, 0.0, 0.0,
         0.0, 1.0, 0.0, 0.0,
         0.0, 0.0, 1.0, 0.0,
         -0.23024000227451324, -0.6325799822807312, 2.1336801052093506, 1.0 )
Neck1 tmat4x4( 1.0, 0.0, 0.0, 0.0,
         0.0, 0.9962798357009888, -0.08617682009935379, 0.0,
         0.0, 0.08617682009935379, 0.9962798357009888, 0.0,
         0.0, 0.0, 0.0, 1.0 ) tmat4x4( 0.9966214895248413, 0.0, -0.08213158696889877, 0.0,
         0.0, 1.0, 0.0, 0.0,
         0.08213158696889877, 0.0, 0.9966214895248413, 0.0,
         0.0, 0.0, 0.0, 1.0 ) tmat4x4( 0.9999992847442627, -0.0012182395439594984, 0.0, 0.0,
         0.0012182395439594984, 0.9999992847442627, 0.0, 0.0,
         0.0, 0.0, 1.0, 0.0,
         0.0, 0.0, 0.0, 1.0 ) tmat4x4( 1.0, 0.0, 0.0, 0.0,
         0.0, 1.0, 0.0, 0.0,
         0.0, 0.0, 1.0, 0.0,
         0.0071299998089671135, 1.5671099424362183, 0.1496800035238266, 1.0 )
LeftArm tmat4x4( 1.0, 0.0, 0.0, 0.0,
         0.0, 0.4924934208393097, 0.8703161478042603, 0.0,
         0.0, -0.8703161478042603, 0.4924934208393097, 0.0,
         0.0, 0.0, 0.0, 1.0 ) tmat4x4( 0.9928537011146545, 0.0, 0.1193380281329155, 0.0,
         0.0, 1.0, 0.0, 0.0,
         -0.1193380281329155, 0.0, 0.9928537011146545, 0.0,
         0.0, 0.0, 0.0, 1.0 ) tmat4x4( 0.3071705996990204, -0.9516544938087463, 0.0, 0.0,
         0.9516544938087463, 0.3071705996990204, 0.0, 0.0,
         0.0, 0.0, 1.0, 0.0,
         0.0, 0.0, 0.0, 1.0 ) tmat4x4( 1.0, 0.0, 0.0, 0.0,
         0.0, 1.0, 0.0, 0.0,
         0.0, 0.0, 1.0, 0.0,
         3.5420498847961426, 0.9043599963188171, -0.17363999783992767, 1.0 )
RightArm tmat4x4( 1.0, 0.0, 0.0, 0.0,
         0.0, 0.7611082792282104, 0.648624837398529, 0.0,
         0.0, -0.648624837398529, 0.7611082792282104, 0.0,
         0.0, 0.0, 0.0, 1.0 ) tmat4x4( 0.7336183786392212, 0.0, 0.6795616745948792, 0.0,
         0.0, 1.0, 0.0, 0.0,
         -0.6795616745948792, 0.0, 0.7336183786392212, 0.0,
         0.0, 0.0, 0.0, 1.0 ) tmat4x4( 0.19035838544368744, 0.98171466588974, 0.0, 0.0,
         -0.98171466588974, 0.19035838544368744, 0.0, 0.0,
         0.0, 0.0, 1.0, 0.0,
         0.0, 0.0, 0.0, 1.0 ) tmat4x4( 1.0, 0.0, 0.0, 0.0,
         0.0, 1.0, 0.0, 0.0,
         0.0, 0.0, 1.0, 0.0,
         -3.4980199337005615, 0.7599400281906128, -0.3261600136756897, 1.0 )
Head tmat4x4( 1.0, 0.0, 0.0, 0.0,
         0.0, 0.9998618364334106, 0.016623495146632195, 0.0,
         0.0, -0.016623495146632195, 0.9998618364334106, 0.0,
         0.0, 0.0, 0.0, 1.0 ) tmat4x4( 0.9991356730461121, 0.0, -0.04156874492764473, 0.0,
         0.0, 1.0, 0.0, 0.0,
         0.04156874492764473, 0.0, 0.9991356730461121, 0.0,
         0.0, 0.0, 0.0, 1.0 ) tmat4x4( 0.9999254941940308, 0.012204784899950027, 0.0, 0.0,
         -0.012204784899950027, 0.9999254941940308, 0.0, 0.0,
         0.0, 0.0, 1.0, 0.0,
         0.0, 0.0, 0.0, 1.0 ) tmat4x4( 1.0, 0.0, 0.0, 0.0,
         0.0, 1.0, 0.0, 0.0,
         0.0, 0.0, 1.0, 0.0,
         0.034290000796318054, 1.5604100227355957, -0.10006000101566315, 1.0 )
LeftForeArm tmat4x4( 1.0, 0.0, 0.0, 0.0,
         0.0, -0.039233654737472534, -0.9992300868034363, 0.0,
         0.0, 0.9992300868034363, -0.039233654737472534, 0.0,
         0.0, 0.0, 0.0, 1.0 ) tmat4x4( 0.5911970138549805, 0.0, 0.8065271377563477, 0.0,
         0.0, 1.0, 0.0, 0.0,
         -0.8065271377563477, 0.0, 0.5911970138549805, 0.0,
         0.0, 0.0, 0.0, 1.0 ) tmat4x4( -0.6161385774612427, 0.7876377701759338, 0.0, 0.0,
         -0.7876377701759338, -0.6161385774612427, 0.0, 0.0,
         0.0, 0.0, 1.0, 0.0,
         0.0, 0.0, 0.0, 1.0 ) tmat4x4( 1.0, 0.0, 0.0, 0.0,
         0.0, 1.0, 0.0, 0.0,
         0.0, 0.0, 1.0, 0.0,
         4.8651299476623535, 0.0, 0.0, 1.0 )
RightForeArm tmat4x4( 1.0, 0.0, 0.0, 0.0,
         0.0, 0.6931741833686829, -0.7207701206207275, 0.0,
         0.0, 0.7207701206207275, 0.6931741833686829, 0.0,
         0.0, 0.0, 0.0, 1.0 ) tmat4x4( 0.5150425434112549, 0.0, -0.8571646213531494, 0.0,
         0.0, 1.0, 0.0, 0.0,
         0.8571646213531494, 0.0, 0.5150425434112549, 0.0,
         0.0, 0.0, 0.0, 1.0 ) tmat4x4( 0.27703627943992615, -0.960859477519989, 0.0, 0.0,
         0.960859477519989, 0.27703627943992615, 0.0, 0.0,
         0.0, 0.0, 1.0, 0.0,
         0.0, 0.0, 0.0, 1.0 ) tmat4x4( 1.0, 0.0, 0.0, 0.0,
         0.0, 1.0, 0.0, 0.0,
         0.0, 0.0, 1.0, 0.0,
         -5.026490211486816, 0.0, 0.0, 1.0 )
LeftHand tmat4x4( 1.0, 0.0, 0.0, 0.0,
         0.0, 0.8309592008590698, -0.5563333034515381, 0.0,
         0.0, 0.5563333034515381, 0.8309592008590698, 0.0,
         0.0, 0.0, 0.0, 1.0 ) tmat4x4( 1.0, 0.0, 0.0, 0.0,
         0.0, 1.0, 0.0, 0.0,
         0.0, 0.0, 1.0, 0.0,
         0.0, 0.0, 0.0, 1.0 ) tmat4x4( 1.0, 0.0, 0.0, 0.0,
         0.0, 1.0, 0.0, 0.0,
         0.0, 0.0, 1.0, 0.0,
         0.0, 0.0, 0.0, 1.0 ) tmat4x4( 1.0, 0.0, 0.0, 0.0,
         0.0, 1.0, 0.0, 0.0,
         0.0, 0.0, 1.0, 0.0,
         3.3555400371551514, 0.0, 0.0, 1.0 )
RightHand tmat4x4( 1.0, 0.0, 0.0, 0.0,
         0.0, 0.9726596474647522, -0.2322351485490799, 0.0,
         0.0, 0.2322351485490799, 0.9726596474647522, 0.0,
         0.0, 0.0, 0.0, 1.0 ) tmat4x4( 1.0, 0.0, 0.0, 0.0,
         0.0, 1.0, 0.0, 0.0,
         0.0, 0.0, 1.0, 0.0,
         0.0, 0.0, 0.0, 1.0 ) tmat4x4( 1.0, 0.0, 0.0, 0.0,
         0.0, 1.0, 0.0, 0.0,
         0.0, 0.0, 1.0, 0.0,
         0.0, 0.0, 0.0, 1.0 ) tmat4x4( 1.0, 0.0, 0.0, 0.0,
         0.0, 1.0, 0.0, 0.0,
         0.0, 0.0, 1.0, 0.0,
         -3.3643100261688232, 0.0, 0.0, 1.0 )
LeftFingerBase tmat4x4( 1.0, 0.0, 0.0, 0.0,
         0.0, 0.9991796612739563, 0.04049627110362053, 0.0,
         0.0, -0.04049627110362053, 0.9991796612739563, 0.0,
         0.0, 0.0, 0.0, 1.0 ) tmat4x4( 0.9980376958847046, 0.0, -0.06261633336544037, 0.0,
         0.0, 1.0, 0.0, 0.0,
         0.06261633336544037, 0.0, 0.9980376958847046, 0.0,
         0.0, 0.0, 0.0, 1.0 ) tmat4x4( 0.8394880890846252, 0.5433781147003174, 0.0, 0.0,
         -0.5433781147003174, 0.8394880890846252, 0.0, 0.0,
         0.0, 0.0, 1.0, 0.0,
         0.0, 0.0, 0.0, 1.0 ) tmat4x4( 1.0, 0.0, 0.0, 0.0,
         0.0, 1.0, 0.0, 0.0,
         0.0, 0.0, 1.0, 0.0,
         0.0, 0.0, 0.0, 1.0 )
LThumb tmat4x4( 1.0, 0.0, 0.0, 0.0,
         0.0, 0.9997119903564453, -0.02399771846830845, 0.0,
         0.0, 0.02399771846830845, 0.9997119903564453, 0.0,
         0.0, 0.0, 0.0, 1.0 ) tmat4x4( 0.8268951177597046, 0.0, -0.562356173992157, 0.0,
         0.0, 1.0, 0.0, 0.0,
         0.562356173992157, 0.0, 0.8268951177597046, 0.0,
         0.0, 0.0, 0.0, 1.0 ) tmat4x4( 0.9959156513214111, 0.0902884230017662, 0.0, 0.0,
         -0.0902884230017662, 0.9959156513214111, 0.0, 0.0,
         0.0, 0.0, 1.0, 0.0,
         0.0, 0.0, 0.0, 1.0 ) tmat4x4( 1.0, 0.0, 0.0, 0.0,
         0.0, 1.0, 0.0, 0.0,
         0.0, 0.0, 1.0, 0.0,
         0.0, 0.0, 0.0, 1.0 )
RightFingerBase tmat4x4( 1.0, 0.0, 0.0, 0.0,
         0.0, 0.8438346982002258, -0.5366031527519226, 0.0,
         0.0, 0.5366031527519226, 0.8438346982002258, 0.0,
         0.0, 0.0, 0.0, 1.0 ) tmat4x4( 0.8240579962730408, 0.0, -0.566505491733551, 0.0,
         0.0, 1.0, 0.0, 0.0,
         0.566505491733551, 0.0, 0.8240579962730408, 0.0,
         0.0, 0.0, 0.0, 1.0 ) tmat4x4( 0.665184736251831, -0.7466788291931152, 0.0, 0.0,
         0.7466788291931152, 0.665184736251831, 0.0, 0.0,
         0.0, 0.0, 1.0, 0.0,
         0.0, 0.0, 0.0, 1.0 ) tmat4x4( 1.0, 0.0, 0.0, 0.0,
         0.0, 1.0, 0.0, 0.0,
         0.0, 0.0, 1.0, 0.0,
         0.0, 0.0, 0.0, 1.0 )
RThumb tmat4x4( 1.0, 0.0, 0.0, 0.0,
         0.0, 0.9847649931907654, -0.17389053106307983, 0.0,
         0.0, 0.17389053106307983, 0.9847649931907654, 0.0,
         0.0, 0.0, 0.0, 1.0 ) tmat4x4( 0.9632938504219055, 0.0, -0.2684490978717804, 0.0,
         0.0, 1.0, 0.0, 0.0,
         0.2684490978717804, 0.0, 0.9632938504219055, 0.0,
         0.0, 0.0, 0.0, 1.0 ) tmat4x4( 0.9901168942451477, -0.14024458825588226, 0.0, 0.0,
         0.14024458825588226, 0.9901168942451477, 0.0, 0.0,
         0.0, 0.0, 1.0, 0.0,
         0.0, 0.0, 0.0, 1.0 ) tmat4x4( 1.0, 0.0, 0.0, 0.0,
         0.0, 1.0, 0.0, 0.0,
         0.0, 0.0, 1.0, 0.0,
         0.0, 0.0, 0.0, 1.0 )
LeftHandIndex1 tmat4x4( 1.0, 0.0, 0.0, 0.0,
         0.0, 1.0, 0.0, 0.0,
         0.0, 0.0, 1.0, 0.0,
         0.0, 0.0, 0.0, 1.0 ) tmat4x4( 1.0, 0.0, 0.0, 0.0,
         0.0, 1.0, 0.0, 0.0,
         0.0, 0.0, 1.0, 0.0,
         0.0, 0.0, 0.0, 1.0 ) tmat4x4( 0.9922779202461243, -0.12403444945812225, 0.0, 0.0,
         0.12403444945812225, 0.9922779202461243, 0.0, 0.0,
         0.0, 0.0, 1.0, 0.0,
         0.0, 0.0, 0.0, 1.0 ) tmat4x4( 1.0, 0.0, 0.0, 0.0,
         0.0, 1.0, 0.0, 0.0,
         0.0, 0.0, 1.0, 0.0,
         0.6611700057983398, 0.0, 0.0, 1.0 )
RightHandIndex1 tmat4x4( 1.0, 0.0, 0.0, 0.0,
         0.0, 1.0, 0.0, 0.0,
         0.0, 0.0, 1.0, 0.0,
         0.0, 0.0, 0.0, 1.0 ) tmat4x4( 1.0, 0.0, 0.0, 0.0,
         0.0, 1.0, 0.0, 0.0,
         0.0, 0.0, 1.0, 0.0,
         0.0, 0.0, 0.0, 1.0 ) tmat4x4( 0.9922779202461243, 0.12403444945812225, 0.0, 0.0,
         -0.12403444945812225, 0.9922779202461243, 0.0, 0.0,
         0.0, 0.0, 1.0, 0.0,
         0.0, 0.0, 0.0, 1.0 ) tmat4x4( 1.0, 0.0, 0.0, 0.0,
         0.0, 1.0, 0.0, 0.0,
         0.0, 0.0, 1.0, 0.0,
         -0.7304099798202515, 0.0, 0.0, 1.0 )
DATA FOR FRAME 2
Hips tmat4x4( 1.0, 0.0, 0.0, 0.0,
         0.0, 0.9905034899711609, 0.1374877691268921, 0.0,
         0.0, -0.1374877691268921, 0.9905034899711609, 0.0,
         0.0, 0.0, 0.0, 1.0 ) tmat4x4( 0.9982781410217285, 0.0, -0.05865824222564697, 0.0,
         0.0, 1.0, 0.0, 0.0,
         0.05865824222564697, 0.0, 0.9982781410217285, 0.0,
         0.0, 0.0, 0.0, 1.0 ) tmat4x4( 0.9994842410087585, 0.03211377188563347, 0.0, 0.0,
         -0.03211377188563347, 0.9994842410087585, 0.0, 0.0,
         0.0, 0.0, 1.0, 0.0,
         0.0, 0.0, 0.0, 1.0 ) tmat4x4( 1.0, 0.0, 0.0, 0.0,
         0.0, 1.0, 0.0, 0.0,
         0.0, 0.0, 1.0, 0.0,
         -0.013899999670684338, 0.066600002348423, 0.3702999949455261, 1.0 )
LHipJoint tmat4x4( 1.0, 0.0, 0.0, 0.0,
         0.0, 1.0, 0.0, 0.0,
         0.0, 0.0, 1.0, 0.0,
         0.0, 0.0, 0.0, 1.0 ) tmat4x4( 1.0, 0.0, 0.0, 0.0,
         0.0, 1.0, 0.0, 0.0,
         0.0, 0.0, 1.0, 0.0,
         0.0, 0.0, 0.0, 1.0 ) tmat4x4( 1.0, 0.0, 0.0, 0.0,
         0.0, 1.0, 0.0, 0.0,
         0.0, 0.0, 1.0, 0.0,
         0.0, 0.0, 0.0, 1.0 ) tmat4x4( 1.0, 0.0, 0.0, 0.0,
         0.0, 1.0, 0.0, 0.0,
         0.0, 0.0, 1.0, 0.0,
         0.0, 0.0, 0.0, 1.0 )
RHipJoint tmat4x4( 1.0, 0.0, 0.0, 0.0,
         0.0, 1.0, 0.0, 0.0,
         0.0, 0.0, 1.0, 0.0,
         0.0, 0.0, 0.0, 1.0 ) tmat4x4( 1.0, 0.0, 0.0, 0.0,
         0.0, 1.0, 0.0, 0.0,
         0.0, 0.0, 1.0, 0.0,
         0.0, 0.0, 0.0, 1.0 ) tmat4x4( 1.0, 0.0, 0.0, 0.0,
         0.0, 1.0, 0.0, 0.0,
         0.0, 0.0, 1.0, 0.0,
         0.0, 0.0, 0.0, 1.0 ) tmat4x4( 1.0, 0.0, 0.0, 0.0,
         0.0, 1.0, 0.0, 0.0,
         0.0, 0.0, 1.0, 0.0,
         0.0, 0.0, 0.0, 1.0 )
LowerBack tmat4x4( 1.0, 0.0, 0.0, 0.0,
         0.0, 0.9929518699645996, 0.11851835250854492, 0.0,
         0.0, -0.11851835250854492, 0.9929518699645996, 0.0,
         0.0, 0.0, 0.0, 1.0 ) tmat4x4( 0.9971129894256592, 0.0, 0.07593244314193726, 0.0,
         0.0, 1.0, 0.0, 0.0,
         -0.07593244314193726, 0.0, 0.9971129894256592, 0.0,
         0.0, 0.0, 0.0, 1.0 ) tmat4x4( 0.9988105893135071, -0.04875912144780159, 0.0, 0.0,
         0.04875912144780159, 0.9988105893135071, 0.0, 0.0,
         0.0, 0.0, 1.0, 0.0,
         0.0, 0.0, 0.0, 1.0 ) tmat4x4( 1.0, 0.0, 0.0, 0.0,
         0.0, 1.0, 0.0, 0.0,
         0.0, 0.0, 1.0, 0.0,
         0.0, 0.0, 0.0, 1.0 )
LeftUpLeg tmat4x4( 1.0, 0.0, 0.0, 0.0,
         0.0, 0.9682101011276245, 0.25013837218284607, 0.0,
         0.0, -0.25013837218284607, 0.9682101011276245, 0.0,
         0.0, 0.0, 0.0, 1.0 ) tmat4x4( 0.9997478127479553, 0.0, 0.022457009181380272, 0.0,
         0.0, 1.0, 0.0, 0.0,
         -0.022457009181380272, 0.0, 0.9997478127479553, 0.0,
         0.0, 0.0, 0.0, 1.0 ) tmat4x4( 0.9035508036613464, -0.42848101258277893, 0.0, 0.0,
         0.42848101258277893, 0.9035508036613464, 0.0, 0.0,
         0.0, 0.0, 1.0, 0.0,
         0.0, 0.0, 0.0, 1.0 ) tmat4x4( 1.0, 0.0, 0.0, 0.0,
         0.0, 1.0, 0.0, 0.0,
         0.0, 0.0, 1.0, 0.0,
         1.6567399501800537, -1.8028199672698975, 0.6247699856758118, 1.0 )
RightUpLeg tmat4x4( 1.0, 0.0, 0.0, 0.0,
         0.0, 0.8214001655578613, -0.5703523755073547, 0.0,
         0.0, 0.5703523755073547, 0.8214001655578613, 0.0,
         0.0, 0.0, 0.0, 1.0 ) tmat4x4( 0.949874997138977, 0.0, -0.3126300275325775, 0.0,
         0.0, 1.0, 0.0, 0.0,
         0.3126300275325775, 0.0, 0.949874997138977, 0.0,
         0.0, 0.0, 0.0, 1.0 ) tmat4x4( 0.9543905258178711, 0.29856109619140625, 0.0, 0.0,
         -0.29856109619140625, 0.9543905258178711, 0.0, 0.0,
         0.0, 0.0, 1.0, 0.0,
         0.0, 0.0, 0.0, 1.0 ) tmat4x4( 1.0, 0.0, 0.0, 0.0,
         0.0, 1.0, 0.0, 0.0,
         0.0, 0.0, 1.0, 0.0,
         -1.610700011253357, -1.8028199672698975, 0.6247599720954895, 1.0 )
Spine tmat4x4( 1.0, 0.0, 0.0, 0.0,
         0.0, 0.9999547004699707, 0.009520627558231354, 0.0,
         0.0, -0.009520627558231354, 0.9999547004699707, 0.0,
         0.0, 0.0, 0.0, 1.0 ) tmat4x4( 0.9945930242538452, 0.0, 0.10384975373744965, 0.0,
         0.0, 1.0, 0.0, 0.0,
         -0.10384975373744965, 0.0, 0.9945930242538452, 0.0,
